<?xml version="1.0"?>
<opencv_storage>
<calibration_time>"za 01 sep 2018 17:13:41 CEST"</calibration_time>
<nr_of_frames>20</nr_of_frames>
<image_width>1280</image_width>
<image_height>720</image_height>
<board_width>9</board_width>
<board_height>6</board_height>
<square_size>50.</square_size>
<fix_aspect_ratio>1.</fix_aspect_ratio>
<!-- flags: +fix_aspectRatio +fix_principal_point +zero_tangent_dist +fix_k4 +fix_k5 -->
<flags>6158</flags>
<fisheye_model>0</fisheye_model>
<camera_matrix type_id="opencv-matrix">
  <rows>3</rows>
  <cols>3</cols>
  <dt>d</dt>
  <data>
    1.1531573733076229e+03 0. 640. 0. 1.1531573733076229e+03 360. 0. 0.
    1.</data></camera_matrix>
<distortion_coefficients type_id="opencv-matrix">
  <rows>5</rows>
  <cols>1</cols>
  <dt>d</dt>
  <data>
    1.4744837199504338e-01 -1.3500723523154092e+00 0. 0.
    2.6801321809072025e+00</data></distortion_coefficients>
<avg_reprojection_error>1.2253038698943974e+00</avg_reprojection_error>
<per_view_reprojection_errors type_id="opencv-matrix">
  <rows>20</rows>
  <cols>1</cols>
  <dt>f</dt>
  <data>
    1.15998340e+00 8.68338048e-01 1.55717194e+00 1.86859930e+00
    1.05040514e+00 1.32125270e+00 1.11957824e+00 1.01839566e+00
    1.13705170e+00 9.84594464e-01 6.72402322e-01 1.35159218e+00
    1.03074479e+00 1.58456576e+00 6.75833702e-01 1.16577673e+00
    1.44552565e+00 1.63629103e+00 1.00962842e+00 1.07474387e+00</data></per_view_reprojection_errors>
<!-- a set of 6-tuples (rotation vector + translation vector) for each view -->
<extrinsic_parameters type_id="opencv-matrix">
  <rows>20</rows>
  <cols>6</cols>
  <dt>d</dt>
  <data>
    -4.9559262266989540e-01 3.9104558492999414e-01
    4.6557479208784974e-02 -3.0460676291757096e+02
    -1.2964651427302374e+02 8.9539065704683480e+02
    -2.7863988679434992e-01 1.3509935273252108e-01
    5.2427516900625026e-02 -1.9903839921907763e+02
    -1.5562044538373812e+02 1.0021194146047775e+03
    3.6518528182687589e-02 4.0715867010593271e-01
    -6.9397681748704062e-03 -2.9251937288783267e+00
    -1.2848455677818492e+02 1.0797458379389009e+03
    2.1409718723903898e-01 7.0569661458642519e-01 1.2991901612789911e-01
    1.9926043630748651e+00 -1.5865785561995835e+02
    9.5493865986708897e+02 -6.0380239206036113e-01
    2.4542979031775367e-01 -1.2293274639549890e-02
    -1.8671688951837686e+02 -8.7179178491631163e+01
    1.0403571769102773e+03 -2.8819452468964685e-01
    -5.9049337436183735e-01 2.4448157212942443e-02
    -2.5970040276089065e+02 -1.2535341102753682e+02
    7.2139670990896309e+02 -8.6567423643560659e-01
    3.1981073704988516e-01 8.7764563930707168e-02
    -2.2264873786279483e+02 -6.7895065364336148e+01
    9.7258951564036227e+02 -5.5281509433864662e-01
    3.0299454036758339e-01 7.3735458740180157e-02
    -1.2922994083174839e+02 -1.3547798213286629e+02
    9.9886752826631539e+02 -7.3900428228627324e-01
    -4.0567164198360783e-01 -1.5291041111434105e+00
    -8.3877568661548835e+01 1.3142608755799108e+02
    6.0243297289152565e+02 -7.7344299911987946e-01
    1.0257479241197812e-01 -1.3236911384338437e-02
    -2.8204708642878484e+02 -8.9123301015771801e+01
    8.3238944731045592e+02 -5.8706260489367001e-01
    -4.5087866475198096e-01 1.0144829226672841e-01
    -2.4123406379488065e+02 -1.8532631094163918e+02
    9.7762904813703278e+02 -8.8960732623496686e-01
    2.6107742897650110e-01 8.1376109124885423e-02
    -2.1627264055311403e+02 -1.0297598739687830e+02
    8.1057986342707682e+02 4.5414004003279752e-02 8.2111992255992106e-01
    2.9915859311288746e+00 1.7513598242441648e+02 3.9406804656559942e+01
    6.1108172336061398e+02 2.7053199407904194e-01 3.8281677155938409e-01
    1.9868152383098556e-01 -1.9418751002723587e+02
    -1.7073601917426177e+02 8.4614096349281181e+02
    -9.4203876958377664e-01 8.0330157082205966e-01
    1.2525751708461590e+00 1.8731464927884542e+02
    -5.3861670347205525e+01 1.0640067935457769e+03
    -7.7550637116187926e-01 -4.1299209271116288e-01
    -1.5660076414021527e+00 -9.5921188879070158e+01
    1.4815754408556660e+02 6.3366127760934239e+02
    -9.8026741784676386e-01 2.4156630001915799e-01
    3.6084105559607928e-02 -1.6003297246845119e+02
    -4.9792760465876434e+01 7.9599675806640721e+02
    -9.1501834797477744e-01 1.9838669141505691e-01
    1.8304633388895543e-03 -2.9075941333381792e+02
    -2.3254862202705468e+01 8.9740512617537422e+02
    -5.6308502774619873e-01 -4.4383114315068639e-01
    1.8645873874769883e-01 -2.7503785762267358e+02
    -1.6416421858888040e+02 8.2502186866580621e+02
    -5.7716827824024164e-01 6.4542397886827862e-01
    1.7885117054656310e-01 -7.3658937250913269e+01
    -8.1716901915568926e+01 1.1435235073579672e+03</data></extrinsic_parameters>
